000000HE20220509063657
000001DA00050955904955904903024231938         000000033900000000100050719511096049401070000        03024231938                 03024231938                 999925000000
000002DA00050955904955904903047047047         000000050000000000100050800170006016401070000        03047047047                 03047047047                 999925000000
000003DA000509999925999925999925218490628543  000000002600000000100050800362207854383644350        03067059575                 03067059575                 478278000000
000004DA000509999925999925999925244546928551  000000033900000000100050800404480855183644350        03024231938                 03024231938                 585953000000
000005DA000509999925999925999925248261428554  000000033900000000100050800412273855483644350        03024231938                 03024231938                 585953000000
000006DA000509999925999925999925251800528557  000000061100000000100050800415839855783644350        03024231938                 03024231938                 559049000000
000007DA000509639390639390923334932847        000000017000000000100050801290576652292333493        923334932847                03334932847                 999925000000
000008DA00050955904955904903170756645         000000000600000000100050802442504070901070000        03170756645                 03170756645                 999925000000
000009DA000509999925999925999925081647428562  000000004000000000100050805465687856283644350        03003335389                 03003335389                 639390000000
000010DA000509639390639390923003335389        000000004000000000100050805490651566692300333        923003335389                03003335389                 999925000000
000011DA000509999925999925999925193466528565  000000001500000000100050808521420856583644350        03107537091                 03067666341                 585953000000
000012DA000509999925999925999925981079628571  000000120000000000100050813501086857183644350        03345442244                 03345442244                 639390000000
000013DA000509999925999925999925694071028574  000000050000000000100050815490027857483644350        03113065015                 03354305015                 639390000000
000014DA000509999925999925999925044385828577  000000020000000000100050816472435857783644350        03029297087                 03029297087                 559049000000
000015DA00050955904955904903334932847         000000083000000000100050817002350095101070000        03334932847                 03334932847                 999925000000
000016DA00050955904955904903334931007         000000015000000000100050817114952044801070000        03334931007                 03334931007                 999925000000
000017DA00050955904955904903329007958         000000180000000000100050818162858028901070000        03329007958                 03329007958                 999925000000
000018DA00050955904955904903334931007         000000050000000000100050818330658052401070000        03334931007                 03334931007                 999925000000
000019DA000509999925999925999925608821428586  000000001000000000100050821080867858683644350        03482314269                 03102886554                 639390000000
000020DA0005092205832205836393470000372711    000000016800000000100050821472884057111112222        03082893132                 03082893132                 999925000000
000021DA000509999925999925999925890785628589  000000050000000000100050821550880858983644350        03047047047                 03047047047                 600648000000
000022DA0005092205832205836393470000229283    000000000400000000100050822010072277511112222        03064990837                 03064990837                 999925000000
000023DA000509999925999925999925258601628592  000000003000000000100050822562678859283644350        03153388022                 03153388022                 559049000000
000024DA0005096006486006481587084220125112245 000000180000000000100050823075815870800000108        54357000012103              03482314269                 999925000000
000025DA000509999925999925999925408076328595  000000030000000000100050823212083859583644350        03329007958                 03329007958                 559049000000
000026DA000509999925999925999925418935128599  000000100000000000100050823230980859983644350        03329007958                 03167640467                 639390000000
000027DA0005092205832205836393470000255080    000000499000000000100050823360451881211112222        03434200008                 03047846424                 999925000000
000028FO20220509063657
